6.933244466781616211e-01
7.914850115776062012e-01
6.743287444114685059e-01
7.326096892356872559e-01
7.219777703285217285e-01
6.706541776657104492e-01
6.573711633682250977e-01
6.741877198219299316e-01
6.757915616035461426e-01
6.569330692291259766e-01
6.353374123573303223e-01
6.309232711791992188e-01
6.383555531501770020e-01
6.378350257873535156e-01
6.307269930839538574e-01
6.166658997535705566e-01
6.084581017494201660e-01
6.034300327301025391e-01
6.079896092414855957e-01
6.023460626602172852e-01
5.968424081802368164e-01
5.818012356758117676e-01
5.769016742706298828e-01
5.767459273338317871e-01
5.727217793464660645e-01
5.669433474540710449e-01
5.589561462402343750e-01
5.548340082168579102e-01
5.446377992630004883e-01
5.422571897506713867e-01
5.309584736824035645e-01
5.281623601913452148e-01
5.224792361259460449e-01
5.169907808303833008e-01
5.125846862792968750e-01
5.038915872573852539e-01
4.980545043945312500e-01
4.957887828350067139e-01
4.886764585971832275e-01
4.873174726963043213e-01
4.776581227779388428e-01
4.740714132785797119e-01
4.660103917121887207e-01
4.596853256225585938e-01
4.576660692691802979e-01
4.490863680839538574e-01
4.488655030727386475e-01
4.399575293064117432e-01
4.405649304389953613e-01
4.307948052883148193e-01
4.271843731403350830e-01
4.223066270351409912e-01
4.178854823112487793e-01
4.167224466800689697e-01
4.163280129432678223e-01
4.100458025932312012e-01
4.017028808593750000e-01
3.960172235965728760e-01
3.936800956726074219e-01
3.929604589939117432e-01
3.914097249507904053e-01
3.882963359355926514e-01
3.772661685943603516e-01
3.792353868484497070e-01
3.778571188449859619e-01
3.714616298675537109e-01
3.672076165676116943e-01
3.692272901535034180e-01
3.541073799133300781e-01
3.649484217166900635e-01
3.620405793190002441e-01
3.531407117843627930e-01
3.538975119590759277e-01
3.487356901168823242e-01
3.477931916713714600e-01
3.440301716327667236e-01
3.381958305835723877e-01
3.349423706531524658e-01
3.361598551273345947e-01
3.297400176525115967e-01
3.343991339206695557e-01
3.263612687587738037e-01
3.240219354629516602e-01
3.300720453262329102e-01
3.272823393344879150e-01
3.183968365192413330e-01
3.236755132675170898e-01
3.221200406551361084e-01
3.227365314960479736e-01
3.181336522102355957e-01
3.118318617343902588e-01
3.150207698345184326e-01
3.081122636795043945e-01
3.092531561851501465e-01
3.099640905857086182e-01
3.099253475666046143e-01
3.108211457729339600e-01
3.013598620891571045e-01
2.993357181549072266e-01
3.033508360385894775e-01
3.026322722434997559e-01
3.007605671882629395e-01
2.987571656703948975e-01
2.939585149288177490e-01
2.977576553821563721e-01
2.920829951763153076e-01
2.955718338489532471e-01
2.940805554389953613e-01
2.880310416221618652e-01
2.841000854969024658e-01
2.865801155567169189e-01
2.961431741714477539e-01
2.842859625816345215e-01
2.891069650650024414e-01
2.866273522377014160e-01
2.852583527565002441e-01
2.836976945400238037e-01
2.849865257740020752e-01
2.838026285171508789e-01
2.820824682712554932e-01
2.805765569210052490e-01
2.821810841560363770e-01
2.834995687007904053e-01
2.849392294883728027e-01
2.751515805721282959e-01
2.756436169147491455e-01
2.794772982597351074e-01
2.752296924591064453e-01
2.701164484024047852e-01
2.714810073375701904e-01
2.742441594600677490e-01
2.751848399639129639e-01
2.737459242343902588e-01
2.665534913539886475e-01
2.691580057144165039e-01
2.707493603229522705e-01
2.774106860160827637e-01
2.742028236389160156e-01
2.735446095466613770e-01
2.633875310420989990e-01
2.672171890735626221e-01
2.647547125816345215e-01
2.691269814968109131e-01
2.667465806007385254e-01
2.632000148296356201e-01
2.597972452640533447e-01
2.615284621715545654e-01
2.590997219085693359e-01
2.592697143554687500e-01
2.584222555160522461e-01
2.525231838226318359e-01
2.553669214248657227e-01
2.568215727806091309e-01
2.601723968982696533e-01
2.607846856117248535e-01
2.571415305137634277e-01
2.599658071994781494e-01
2.624596953392028809e-01
2.544756829738616943e-01
2.530127167701721191e-01
2.538481652736663818e-01
2.498506605625152588e-01
2.537818849086761475e-01
2.493018805980682373e-01
2.511993348598480225e-01
2.546805143356323242e-01
2.441493421792984009e-01
2.454851567745208740e-01
2.457540929317474365e-01
2.502420246601104736e-01
2.453297078609466553e-01
2.471223473548889160e-01
2.478267848491668701e-01
2.534360289573669434e-01
2.502915561199188232e-01
2.483740150928497314e-01
2.499947547912597656e-01
2.398448437452316284e-01
2.393736839294433594e-01
2.430586516857147217e-01
2.442454695701599121e-01
2.428094148635864258e-01
2.428563237190246582e-01
2.408268004655838013e-01
2.423718869686126709e-01
2.396927177906036377e-01
2.383676916360855103e-01
2.416094392538070679e-01
2.354709506034851074e-01
2.361470460891723633e-01
2.400272935628890991e-01
2.362687587738037109e-01
2.434503585100173950e-01
2.344353199005126953e-01
2.419264167547225952e-01
2.408647984266281128e-01
2.306569367647171021e-01
2.343690097332000732e-01
2.349705994129180908e-01
2.262251079082489014e-01
2.376311719417572021e-01
2.290324568748474121e-01
2.354719489812850952e-01
2.365967482328414917e-01
2.354125082492828369e-01
2.337132245302200317e-01
2.345031350851058960e-01
2.353034466505050659e-01
2.309419512748718262e-01
2.275643646717071533e-01
2.389940768480300903e-01
2.300490289926528931e-01
2.312849014997482300e-01
2.294128686189651489e-01
2.251999974250793457e-01
2.366306483745574951e-01
2.310791462659835815e-01
2.291937917470932007e-01
2.299010604619979858e-01
2.294460684061050415e-01
2.310626506805419922e-01
2.283912450075149536e-01
2.277477234601974487e-01
2.302683889865875244e-01
2.283665835857391357e-01
2.258372157812118530e-01
2.238050103187561035e-01
2.239577174186706543e-01
2.245581895112991333e-01
2.249631583690643311e-01
2.256472855806350708e-01
2.226152718067169189e-01
2.196860760450363159e-01
2.303195744752883911e-01
2.307310402393341064e-01
2.280401736497879028e-01
2.240322381258010864e-01
2.265763431787490845e-01
2.258261591196060181e-01
2.251708507537841797e-01
2.279151529073715210e-01
2.239496707916259766e-01
2.260555028915405273e-01
2.282248139381408691e-01
2.222464978694915771e-01
2.169842571020126343e-01
2.254315465688705444e-01
2.206283360719680786e-01
2.261002212762832642e-01
2.153297364711761475e-01
2.255095094442367554e-01
2.250145524740219116e-01
2.188934981822967529e-01
2.159249037504196167e-01
2.154682725667953491e-01
2.176914960145950317e-01
2.173296958208084106e-01
2.210903614759445190e-01
2.203478813171386719e-01
2.185108959674835205e-01
2.151903659105300903e-01
2.196652144193649292e-01
2.116569578647613525e-01
2.154602706432342529e-01
2.172911465167999268e-01
2.087999582290649414e-01
2.141938507556915283e-01
2.191300988197326660e-01
2.149575650691986084e-01
2.129197269678115845e-01
2.063625752925872803e-01
2.114884108304977417e-01
2.130836248397827148e-01
2.135890424251556396e-01
2.119650989770889282e-01
2.143771052360534668e-01
2.064013779163360596e-01
2.139684259891510010e-01
2.128862440586090088e-01
2.147934883832931519e-01
2.089862525463104248e-01
2.075354456901550293e-01
2.105477750301361084e-01
2.100088447332382202e-01
2.082705646753311157e-01
2.153091430664062500e-01
2.021130770444869995e-01
2.178770601749420166e-01
2.183884084224700928e-01
2.070892304182052612e-01
2.067874073982238770e-01
2.167365252971649170e-01
2.127282023429870605e-01
2.084897160530090332e-01
2.066407501697540283e-01
2.105386406183242798e-01
2.103844135999679565e-01
2.072326838970184326e-01
2.034616768360137939e-01
2.102986723184585571e-01
2.016974687576293945e-01
2.075363248586654663e-01
2.077483087778091431e-01
2.146900147199630737e-01
2.122565954923629761e-01
2.069625258445739746e-01
2.065449208021163940e-01
2.101919054985046387e-01
2.059617489576339722e-01
2.089919745922088623e-01
2.079511880874633789e-01
2.059188038110733032e-01
2.028201073408126831e-01
2.062475681304931641e-01
2.060485333204269409e-01
2.053893804550170898e-01
1.995747983455657959e-01
2.049009799957275391e-01
2.051262706518173218e-01
2.088736444711685181e-01
2.001765668392181396e-01
2.011678367853164673e-01
2.030494958162307739e-01
2.070842385292053223e-01
1.975260525941848755e-01
2.016769647598266602e-01
2.036492228507995605e-01
2.019122838973999023e-01
1.990886777639389038e-01
1.976059526205062866e-01
2.015675902366638184e-01
2.009279727935791016e-01
2.033650279045104980e-01
2.056797891855239868e-01
1.989014297723770142e-01
1.960378438234329224e-01
1.993244439363479614e-01
1.912281960248947144e-01
1.957930624485015869e-01
1.968912035226821899e-01
2.006064653396606445e-01
1.948352605104446411e-01
1.996435225009918213e-01
1.990167498588562012e-01
2.005792856216430664e-01
1.987801939249038696e-01
2.018550932407379150e-01
1.988357752561569214e-01
1.991959661245346069e-01
1.945340782403945923e-01
1.947239786386489868e-01
1.951667964458465576e-01
1.964256167411804199e-01
1.925563216209411621e-01
1.952458173036575317e-01
1.918004155158996582e-01
1.992558091878890991e-01
1.957897096872329712e-01
