6.927528381347656250e-01
6.727603673934936523e-01
7.059845328330993652e-01
6.573348641395568848e-01
6.809631586074829102e-01
6.512540578842163086e-01
6.381822824478149414e-01
6.521143913269042969e-01
6.391632556915283203e-01
6.188889145851135254e-01
6.198540329933166504e-01
6.216263771057128906e-01
6.115227937698364258e-01
5.967690944671630859e-01
6.007100939750671387e-01
5.954608321189880371e-01
5.847225189208984375e-01
5.769355297088623047e-01
5.740192532539367676e-01
5.731619000434875488e-01
5.680327415466308594e-01
5.585999488830566406e-01
5.544998049736022949e-01
5.506974458694458008e-01
5.387723445892333984e-01
5.353113412857055664e-01
5.252147316932678223e-01
5.243853926658630371e-01
5.192759037017822266e-01
5.126844644546508789e-01
5.067740678787231445e-01
5.070652365684509277e-01
4.944255053997039795e-01
4.876118600368499756e-01
4.861589074134826660e-01
4.753070175647735596e-01
4.786992371082305908e-01
4.703324735164642334e-01
4.641407728195190430e-01
4.640066921710968018e-01
4.532548189163208008e-01
4.502385854721069336e-01
4.436460137367248535e-01
4.386144578456878662e-01
4.390857517719268799e-01
4.279799163341522217e-01
4.210566580295562744e-01
4.225338697433471680e-01
4.250247776508331299e-01
4.164916276931762695e-01
4.116926789283752441e-01
4.037847518920898438e-01
4.000890552997589111e-01
3.923474252223968506e-01
3.923139572143554688e-01
3.938657641410827637e-01
3.858094811439514160e-01
3.790303468704223633e-01
3.785882294178009033e-01
3.755973577499389648e-01
3.715333044528961182e-01
3.728616535663604736e-01
3.688781559467315674e-01
3.600997626781463623e-01
3.582800924777984619e-01
3.614237606525421143e-01
3.514535427093505859e-01
3.550713062286376953e-01
3.523312509059906006e-01
3.466428518295288086e-01
3.439798057079315186e-01
3.420822918415069580e-01
3.373330831527709961e-01
3.367223441600799561e-01
3.304298818111419678e-01
3.317105472087860107e-01
3.342143595218658447e-01
3.333717882633209229e-01
3.277966976165771484e-01
3.382038176059722900e-01
3.273895084857940674e-01
3.227043151855468750e-01
3.186673223972320557e-01
3.174385428428649902e-01
3.178713917732238770e-01
3.162204027175903320e-01
3.145807385444641113e-01
3.145831525325775146e-01
3.120302855968475342e-01
3.074672818183898926e-01
3.028970956802368164e-01
3.086505234241485596e-01
3.075071275234222412e-01
2.975619435310363770e-01
3.046433031558990479e-01
2.998155653476715088e-01
3.101446032524108887e-01
3.025119304656982422e-01
2.971147000789642334e-01
2.975180149078369141e-01
2.985247969627380371e-01
2.911789119243621826e-01
2.918513715267181396e-01
2.957398593425750732e-01
2.928827404975891113e-01
2.944934666156768799e-01
2.906720936298370361e-01
2.914494574069976807e-01
2.844833135604858398e-01
2.859387695789337158e-01
2.886907458305358887e-01
2.870222330093383789e-01
2.837919294834136963e-01
2.861053943634033203e-01
2.771230936050415039e-01
2.811527550220489502e-01
2.811232805252075195e-01
2.749215960502624512e-01
2.873698770999908447e-01
2.764725089073181152e-01
2.746955156326293945e-01
2.716068625450134277e-01
2.800199389457702637e-01
2.779370844364166260e-01
2.774819135665893555e-01
2.672192156314849854e-01
2.734225690364837646e-01
2.656968235969543457e-01
2.668490707874298096e-01
2.687462270259857178e-01
2.703573703765869141e-01
2.700051963329315186e-01
2.609721720218658447e-01
2.641475796699523926e-01
2.669006288051605225e-01
2.641549408435821533e-01
2.631067633628845215e-01
2.668371796607971191e-01
2.675279974937438965e-01
2.593503296375274658e-01
2.615671753883361816e-01
2.583523392677307129e-01
2.608894407749176025e-01
2.573154866695404053e-01
2.587907314300537109e-01
2.627530097961425781e-01
2.571583390235900879e-01
2.635877430438995361e-01
2.595252394676208496e-01
2.526012659072875977e-01
2.574094831943511963e-01
2.589599788188934326e-01
2.563276290893554688e-01
2.617103755474090576e-01
2.533369958400726318e-01
2.498649954795837402e-01
2.474185824394226074e-01
2.467734813690185547e-01
2.526090145111083984e-01
2.536845803260803223e-01
2.516618072986602783e-01
2.555989921092987061e-01
2.520801424980163574e-01
2.427301555871963501e-01
2.511613070964813232e-01
2.544924914836883545e-01
2.499370127916336060e-01
2.484763264656066895e-01
2.457951605319976807e-01
2.483983039855957031e-01
2.466371953487396240e-01
2.492233663797378540e-01
2.460135966539382935e-01
2.464590072631835938e-01
2.421813607215881348e-01
2.489764392375946045e-01
2.527255117893218994e-01
2.457073926925659180e-01
2.391675263643264771e-01
2.433375418186187744e-01
2.452792227268218994e-01
2.346772551536560059e-01
2.398363351821899414e-01
2.425829768180847168e-01
2.409357279539108276e-01
2.413797974586486816e-01
2.373810112476348877e-01
2.379621863365173340e-01
2.468933612108230591e-01
2.438127100467681885e-01
2.401604801416397095e-01
2.389444410800933838e-01
2.385577559471130371e-01
2.383952736854553223e-01
2.399533689022064209e-01
2.379198968410491943e-01
2.423195540904998779e-01
2.358038127422332764e-01
2.373650521039962769e-01
2.365892231464385986e-01
2.367096990346908569e-01
2.316723614931106567e-01
2.339963018894195557e-01
2.383235245943069458e-01
2.320886105298995972e-01
2.287023514509201050e-01
2.316013276576995850e-01
2.303417474031448364e-01
2.364791780710220337e-01
2.290806174278259277e-01
2.350591719150543213e-01
2.327353954315185547e-01
2.352002561092376709e-01
2.319034039974212646e-01
2.346931546926498413e-01
2.340583801269531250e-01
2.296933233737945557e-01
2.288183122873306274e-01
2.271716743707656860e-01
2.351874858140945435e-01
2.277771085500717163e-01
2.272014915943145752e-01
2.280594557523727417e-01
2.265342175960540771e-01
2.275734096765518188e-01
2.261470556259155273e-01
2.313103973865509033e-01
2.269061058759689331e-01
2.242160588502883911e-01
2.246278375387191772e-01
2.259473800659179688e-01
2.268975079059600830e-01
2.273299247026443481e-01
2.213400006294250488e-01
2.278094738721847534e-01
2.260358035564422607e-01
2.242842614650726318e-01
2.207435071468353271e-01
2.256091237068176270e-01
2.244089692831039429e-01
2.225149869918823242e-01
2.246761620044708252e-01
2.230502963066101074e-01
2.227233946323394775e-01
2.280793786048889160e-01
2.254034280776977539e-01
2.252183556556701660e-01
2.231814414262771606e-01
2.235323041677474976e-01
2.220538109540939331e-01
2.246793508529663086e-01
2.211799919605255127e-01
2.237547785043716431e-01
2.220139056444168091e-01
2.243299484252929688e-01
2.191136032342910767e-01
2.207006663084030151e-01
2.214319109916687012e-01
2.162687927484512329e-01
2.198962271213531494e-01
2.226995527744293213e-01
2.202286422252655029e-01
2.168223112821578979e-01
2.126321047544479370e-01
2.121628969907760620e-01
2.132801860570907593e-01
2.195945531129837036e-01
2.114491015672683716e-01
2.134636640548706055e-01
2.215202450752258301e-01
2.139574140310287476e-01
2.171548753976821899e-01
2.138262391090393066e-01
2.144995182752609253e-01
2.167771011590957642e-01
2.148136645555496216e-01
2.130462378263473511e-01
2.154382169246673584e-01
2.131037414073944092e-01
2.124195843935012817e-01
2.152308225631713867e-01
2.120202332735061646e-01
2.181300073862075806e-01
2.113379836082458496e-01
2.206468433141708374e-01
2.183270156383514404e-01
2.220529764890670776e-01
2.166600972414016724e-01
2.174626737833023071e-01
2.172411233186721802e-01
2.143121361732482910e-01
2.154838740825653076e-01
2.145654112100601196e-01
2.089590579271316528e-01
2.089064270257949829e-01
2.128541767597198486e-01
2.075579166412353516e-01
2.097178250551223755e-01
2.134670764207839966e-01
2.139006108045578003e-01
2.105077505111694336e-01
2.105376422405242920e-01
2.148259282112121582e-01
2.046749293804168701e-01
2.068003267049789429e-01
2.118370532989501953e-01
2.060374766588211060e-01
2.049846053123474121e-01
2.123444974422454834e-01
1.989467889070510864e-01
2.092299312353134155e-01
2.110014259815216064e-01
2.103439569473266602e-01
2.106804400682449341e-01
2.043475359678268433e-01
2.055661678314208984e-01
2.129104286432266235e-01
2.030325829982757568e-01
2.022067457437515259e-01
2.074894905090332031e-01
2.054930329322814941e-01
2.073881477117538452e-01
2.054273486137390137e-01
2.082618027925491333e-01
2.019470036029815674e-01
2.068025916814804077e-01
1.975654959678649902e-01
2.086540758609771729e-01
2.050084173679351807e-01
2.036256343126296997e-01
2.050793766975402832e-01
2.011589258909225464e-01
2.113530635833740234e-01
1.998782306909561157e-01
2.091701626777648926e-01
2.066115289926528931e-01
2.101521193981170654e-01
2.024659961462020874e-01
2.058583647012710571e-01
2.041310071945190430e-01
2.055583000183105469e-01
2.035506963729858398e-01
2.000355422496795654e-01
1.989244520664215088e-01
1.964796781539916992e-01
1.975682228803634644e-01
1.975427865982055664e-01
1.986563205718994141e-01
2.030160725116729736e-01
1.975817531347274780e-01
1.967180520296096802e-01
1.944287121295928955e-01
1.960443258285522461e-01
2.030206918716430664e-01
1.958564817905426025e-01
1.980882585048675537e-01
1.976122409105300903e-01
1.998735368251800537e-01
1.960354894399642944e-01
2.016518712043762207e-01
1.981133669614791870e-01
1.963776797056198120e-01
2.053841352462768555e-01
2.031132578849792480e-01
2.067020982503890991e-01
2.023877054452896118e-01
1.927316337823867798e-01
1.959440261125564575e-01
2.022439092397689819e-01
2.051559537649154663e-01
1.996483802795410156e-01
1.959816664457321167e-01
2.002458423376083374e-01
1.989702433347702026e-01
1.926902830600738525e-01
1.976433843374252319e-01
2.018171846866607666e-01
1.970681250095367432e-01
1.942198127508163452e-01
1.964290440082550049e-01
1.904394328594207764e-01
1.915449202060699463e-01
1.951680928468704224e-01
1.975748986005783081e-01
1.975076347589492798e-01
1.883050203323364258e-01
1.886478066444396973e-01
1.957505047321319580e-01
1.988023519515991211e-01
1.949526369571685791e-01
1.878188401460647583e-01
1.972729861736297607e-01
1.995598971843719482e-01
1.957046389579772949e-01
1.937031000852584839e-01
1.889015138149261475e-01
1.945469826459884644e-01
1.975778639316558838e-01
1.859306246042251587e-01
1.919527947902679443e-01
1.906324326992034912e-01
1.945475488901138306e-01
1.911416798830032349e-01
1.989939808845520020e-01
1.934778839349746704e-01
1.890848875045776367e-01
1.871702969074249268e-01
1.925851255655288696e-01
1.920552998781204224e-01
1.894498616456985474e-01
1.869836747646331787e-01
1.789537221193313599e-01
1.848243921995162964e-01
1.904239505529403687e-01
1.852068603038787842e-01
1.870609670877456665e-01
1.879669725894927979e-01
1.875720620155334473e-01
1.882051080465316772e-01
1.851552724838256836e-01
1.884341090917587280e-01
1.889250576496124268e-01
1.875963211059570312e-01
1.877261996269226074e-01
1.922482699155807495e-01
1.910182684659957886e-01
1.830552667379379272e-01
1.906381100416183472e-01
1.885527670383453369e-01
1.928815394639968872e-01
1.882463991641998291e-01
1.892101615667343140e-01
