6.931740045547485352e-01
7.814819216728210449e-01
6.750734448432922363e-01
7.248328924179077148e-01
7.158136963844299316e-01
6.688040494918823242e-01
6.559689044952392578e-01
6.688434481620788574e-01
6.720569729804992676e-01
6.534631252288818359e-01
6.372369527816772461e-01
6.290697455406188965e-01
6.326535940170288086e-01
6.355586647987365723e-01
6.270027160644531250e-01
6.135770082473754883e-01
6.080971956253051758e-01
6.039562225341796875e-01
6.034463047981262207e-01
6.020310521125793457e-01
5.888407230377197266e-01
5.837315320968627930e-01
5.759265422821044922e-01
5.778142213821411133e-01
5.711315870285034180e-01
5.630632638931274414e-01
5.556611418724060059e-01
5.490406751632690430e-01
5.487944483757019043e-01
5.427078008651733398e-01
5.321043729782104492e-01
5.299273133277893066e-01
5.217446088790893555e-01
5.194707512855529785e-01
5.138689279556274414e-01
5.071429610252380371e-01
5.016416907310485840e-01
4.954772889614105225e-01
4.861951172351837158e-01
4.839373826980590820e-01
4.763694405555725098e-01
4.715901613235473633e-01
4.697858393192291260e-01
4.539254605770111084e-01
4.545232653617858887e-01
4.538180530071258545e-01
4.473468959331512451e-01
4.429163038730621338e-01
4.432351589202880859e-01
4.344090223312377930e-01
4.291024208068847656e-01
4.216222167015075684e-01
4.185471534729003906e-01
4.092989265918731689e-01
4.159505665302276611e-01
4.102865755558013916e-01
3.987407088279724121e-01
4.053011834621429443e-01
3.991507887840270996e-01
3.890773057937622070e-01
3.911758959293365479e-01
3.885792493820190430e-01
3.761377930641174316e-01
3.781385719776153564e-01
3.779889941215515137e-01
3.708976507186889648e-01
3.714472949504852295e-01
3.679797947406768799e-01
3.641569316387176514e-01
3.592072129249572754e-01
3.536809086799621582e-01
3.475877940654754639e-01
3.528692722320556641e-01
3.431718349456787109e-01
3.458739519119262695e-01
3.421382606029510498e-01
3.407442867755889893e-01
3.348766267299652100e-01
3.356997370719909668e-01
3.366402089595794678e-01
3.316599130630493164e-01
3.347307443618774414e-01
3.296865224838256836e-01
3.263847827911376953e-01
3.242221772670745850e-01
3.204188346862792969e-01
3.226143717765808105e-01
3.241665363311767578e-01
3.144167959690093994e-01
3.131532967090606689e-01
3.098401427268981934e-01
3.093465268611907959e-01
3.137638568878173828e-01
3.104386031627655029e-01
3.097940683364868164e-01
3.006774187088012695e-01
3.071276247501373291e-01
3.069083392620086670e-01
3.039938211441040039e-01
3.040273189544677734e-01
2.969747185707092285e-01
2.989791631698608398e-01
2.934905588626861572e-01
2.976513504981994629e-01
2.828132212162017822e-01
2.959658503532409668e-01
2.915896475315093994e-01
2.958747446537017822e-01
2.932624518871307373e-01
2.896045446395874023e-01
2.905968725681304932e-01
2.913751602172851562e-01
2.862466275691986084e-01
2.903009355068206787e-01
2.894312739372253418e-01
2.861029207706451416e-01
2.889134883880615234e-01
2.861899435520172119e-01
2.840280532836914062e-01
2.819387614727020264e-01
2.781673073768615723e-01
2.768665552139282227e-01
2.744864523410797119e-01
2.791213393211364746e-01
2.774341702461242676e-01
2.711953520774841309e-01
2.689536213874816895e-01
2.756135761737823486e-01
2.731392681598663330e-01
2.723641097545623779e-01
2.664279341697692871e-01
2.720402479171752930e-01
2.651349604129791260e-01
2.722350358963012695e-01
2.629678249359130859e-01
2.657449543476104736e-01
2.720184326171875000e-01
2.598695755004882812e-01
2.662569880485534668e-01
2.720407843589782715e-01
2.715036869049072266e-01
2.642548382282257080e-01
2.594335675239562988e-01
2.611140906810760498e-01
2.655904293060302734e-01
2.608253061771392822e-01
2.574613988399505615e-01
2.605071961879730225e-01
2.601172327995300293e-01
2.638123631477355957e-01
2.540685236454010010e-01
2.529200911521911621e-01
2.497439682483673096e-01
2.590201199054718018e-01
2.625635266304016113e-01
2.607910335063934326e-01
2.553401589393615723e-01
2.541173994541168213e-01
2.580076754093170166e-01
2.478158026933670044e-01
2.547942399978637695e-01
2.481739372014999390e-01
2.495466917753219604e-01
2.463469952344894409e-01
2.479245513677597046e-01
2.467150688171386719e-01
2.531212270259857178e-01
2.483352869749069214e-01
2.539464533329010010e-01
2.451802790164947510e-01
2.439805865287780762e-01
2.459276616573333740e-01
2.384236156940460205e-01
2.458500564098358154e-01
2.469876557588577271e-01
2.463451623916625977e-01
2.441698759794235229e-01
2.428596019744873047e-01
2.472238093614578247e-01
2.494129389524459839e-01
2.395443767309188843e-01
2.495989054441452026e-01
2.438178062438964844e-01
2.450938373804092407e-01
2.387625575065612793e-01
2.428778409957885742e-01
2.435182780027389526e-01
2.394144535064697266e-01
2.399912029504776001e-01
2.370449155569076538e-01
2.390115857124328613e-01
2.365062236785888672e-01
2.351780235767364502e-01
2.326764017343521118e-01
2.362704873085021973e-01
2.381189763545989990e-01
2.387719899415969849e-01
2.390044331550598145e-01
2.302173674106597900e-01
2.368281334638595581e-01
2.370258420705795288e-01
2.382473647594451904e-01
2.325772941112518311e-01
2.334879189729690552e-01
2.313473075628280640e-01
2.343358397483825684e-01
2.338191717863082886e-01
2.301344424486160278e-01
2.287198901176452637e-01
2.256093919277191162e-01
2.312354147434234619e-01
2.331401556730270386e-01
2.306827753782272339e-01
2.335282117128372192e-01
2.336218208074569702e-01
2.286592721939086914e-01
2.349186539649963379e-01
2.302895486354827881e-01
2.378960400819778442e-01
2.398289442062377930e-01
2.298636287450790405e-01
2.324662357568740845e-01
2.322098016738891602e-01
2.421466261148452759e-01
2.328466773033142090e-01
2.309892624616622925e-01
2.325181216001510620e-01
2.315430939197540283e-01
2.240583002567291260e-01
2.341705560684204102e-01
2.340624779462814331e-01
2.270654439926147461e-01
2.249591499567031860e-01
2.274371683597564697e-01
2.260597348213195801e-01
2.222976684570312500e-01
2.239587157964706421e-01
2.221785634756088257e-01
2.197694927453994751e-01
2.209480404853820801e-01
2.288042753934860229e-01
2.288246750831604004e-01
2.220135331153869629e-01
2.226322889328002930e-01
2.201832979917526245e-01
2.217849045991897583e-01
2.270197868347167969e-01
2.296919673681259155e-01
2.245374619960784912e-01
2.245319634675979614e-01
2.192389070987701416e-01
2.188114970922470093e-01
2.202067077159881592e-01
2.181044220924377441e-01
2.182210832834243774e-01
2.196147739887237549e-01
2.199161052703857422e-01
2.157729417085647583e-01
2.199383974075317383e-01
2.223927825689315796e-01
2.154493778944015503e-01
2.216477543115615845e-01
2.161924540996551514e-01
2.175656855106353760e-01
2.171499133110046387e-01
2.150066196918487549e-01
2.162198573350906372e-01
2.158780694007873535e-01
2.134257256984710693e-01
2.228392362594604492e-01
2.148798555135726929e-01
2.135468125343322754e-01
2.153320014476776123e-01
2.191866636276245117e-01
2.168777137994766235e-01
2.150667458772659302e-01
2.147773802280426025e-01
2.169953733682632446e-01
2.147374302148818970e-01
2.155629992485046387e-01
2.167318463325500488e-01
2.180406302213668823e-01
2.120244652032852173e-01
2.124696522951126099e-01
2.099341154098510742e-01
2.164036631584167480e-01
2.154227197170257568e-01
2.124544680118560791e-01
2.122499644756317139e-01
2.156816124916076660e-01
2.137878239154815674e-01
2.089145928621292114e-01
2.134790569543838501e-01
2.145529240369796753e-01
2.138849794864654541e-01
2.100805491209030151e-01
2.099266052246093750e-01
2.136622369289398193e-01
2.168671637773513794e-01
2.116875797510147095e-01
2.135506272315979004e-01
2.092141360044479370e-01
2.145855575799942017e-01
2.084271758794784546e-01
2.123216092586517334e-01
2.093480527400970459e-01
2.110600918531417847e-01
2.116360217332839966e-01
2.111993134021759033e-01
2.047385871410369873e-01
2.045342922210693359e-01
2.081312835216522217e-01
2.101037055253982544e-01
2.024501562118530273e-01
2.045629471540451050e-01
2.084468603134155273e-01
2.060215175151824951e-01
2.040237933397293091e-01
2.045756727457046509e-01
2.038598656654357910e-01
2.026963084936141968e-01
2.045790255069732666e-01
2.083124816417694092e-01
2.046191692352294922e-01
2.030639499425888062e-01
2.063678801059722900e-01
2.080155611038208008e-01
1.947576105594635010e-01
2.040511667728424072e-01
2.047638297080993652e-01
2.030987739562988281e-01
2.058766335248947144e-01
1.981596052646636963e-01
1.998652070760726929e-01
2.028097808361053467e-01
2.109492421150207520e-01
2.030612379312515259e-01
2.037373781204223633e-01
1.999665796756744385e-01
2.019101828336715698e-01
1.950241327285766602e-01
1.997434198856353760e-01
2.037711590528488159e-01
1.980962753295898438e-01
2.004415094852447510e-01
2.072086185216903687e-01
1.985177695751190186e-01
1.982757449150085449e-01
