6.929922699928283691e-01
7.503734827041625977e-01
6.745045185089111328e-01
6.898731589317321777e-01
6.941418051719665527e-01
6.673771142959594727e-01
6.440875530242919922e-01
6.420016884803771973e-01
6.479166150093078613e-01
6.380004882812500000e-01
6.222974061965942383e-01
6.104896664619445801e-01
6.065723299980163574e-01
6.098645329475402832e-01
6.043409705162048340e-01
5.938404202461242676e-01
5.839489698410034180e-01
5.779132843017578125e-01
5.799301862716674805e-01
5.740004777908325195e-01
5.668699741363525391e-01
5.591734051704406738e-01
5.564649701118469238e-01
5.515182614326477051e-01
5.445685386657714844e-01
5.364887714385986328e-01
5.343893766403198242e-01
5.272253751754760742e-01
5.302099585533142090e-01
5.149731040000915527e-01
5.097889900207519531e-01
5.043228268623352051e-01
4.996832609176635742e-01
4.949686527252197266e-01
4.900875985622406006e-01
4.836498200893402100e-01
4.756616652011871338e-01
4.710344374179840088e-01
4.755460321903228760e-01
4.662045836448669434e-01
4.549486637115478516e-01
4.543442130088806152e-01
4.504210948944091797e-01
4.450311064720153809e-01
4.408020973205566406e-01
4.345601201057434082e-01
4.277791678905487061e-01
4.280531108379364014e-01
4.246312081813812256e-01
4.162580072879791260e-01
4.178127646446228027e-01
4.165529906749725342e-01
4.036947786808013916e-01
4.106783270835876465e-01
4.102628827095031738e-01
4.006333053112030029e-01
3.938382267951965332e-01
3.990571200847625732e-01
3.929672837257385254e-01
3.882492184638977051e-01
3.816488683223724365e-01
3.731929063796997070e-01
3.782961666584014893e-01
3.668064177036285400e-01
3.678557276725769043e-01
3.646211624145507812e-01
3.636826276779174805e-01
3.689608573913574219e-01
3.601474463939666748e-01
3.616317510604858398e-01
3.510483801364898682e-01
3.567086458206176758e-01
3.408497273921966553e-01
3.473359346389770508e-01
3.445534110069274902e-01
3.485611379146575928e-01
3.506795465946197510e-01
3.387547433376312256e-01
3.376721739768981934e-01
3.369576632976531982e-01
3.337179720401763916e-01
3.293741643428802490e-01
3.306968212127685547e-01
3.306737542152404785e-01
3.271105587482452393e-01
3.206028044223785400e-01
3.279378116130828857e-01
3.174280524253845215e-01
3.258946835994720459e-01
3.216034770011901855e-01
3.169310092926025391e-01
3.169891834259033203e-01
3.150439858436584473e-01
3.060750663280487061e-01
3.097754120826721191e-01
3.200449347496032715e-01
3.148823380470275879e-01
3.131297826766967773e-01
3.020669817924499512e-01
3.022545576095581055e-01
3.099523782730102539e-01
3.068839013576507568e-01
3.023163974285125732e-01
3.060996830463409424e-01
3.025139272212982178e-01
2.931176722049713135e-01
3.046328425407409668e-01
3.009283244609832764e-01
2.911082208156585693e-01
2.990398406982421875e-01
3.001841902732849121e-01
2.899498343467712402e-01
2.924475073814392090e-01
2.955610156059265137e-01
2.921780049800872803e-01
2.960192859172821045e-01
2.883154749870300293e-01
2.872715890407562256e-01
2.935999333858489990e-01
2.920615673065185547e-01
2.861659526824951172e-01
2.787635922431945801e-01
2.798734009265899658e-01
2.854050993919372559e-01
2.870594561100006104e-01
2.833979129791259766e-01
2.810295522212982178e-01
2.834070622920989990e-01
2.815048396587371826e-01
2.823389768600463867e-01
2.777735888957977295e-01
2.844951450824737549e-01
2.764787077903747559e-01
2.712428569793701172e-01
2.726716101169586182e-01
2.756610512733459473e-01
2.721750140190124512e-01
2.774001061916351318e-01
2.759201228618621826e-01
2.712549567222595215e-01
2.773583233356475830e-01
2.801278829574584961e-01
2.683233022689819336e-01
2.678676545619964600e-01
2.659715414047241211e-01
2.648177742958068848e-01
2.709226012229919434e-01
2.634406089782714844e-01
2.726862728595733643e-01
2.729054093360900879e-01
2.630820870399475098e-01
2.605150043964385986e-01
2.678298354148864746e-01
2.613248229026794434e-01
2.669211030006408691e-01
2.622874975204467773e-01
2.574033439159393311e-01
2.560640573501586914e-01
2.611651122570037842e-01
2.581538558006286621e-01
2.572005093097686768e-01
2.649163603782653809e-01
2.621863484382629395e-01
2.633485794067382812e-01
2.645111680030822754e-01
2.561573684215545654e-01
2.497645765542984009e-01
2.633580267429351807e-01
2.577608823776245117e-01
2.653996944427490234e-01
2.526674568653106689e-01
2.600478231906890869e-01
2.600854337215423584e-01
2.532715499401092529e-01
2.569845020771026611e-01
2.509627640247344971e-01
2.511836588382720947e-01
2.466610074043273926e-01
2.512167692184448242e-01
2.535539567470550537e-01
2.541583180427551270e-01
2.435238212347030640e-01
2.494127303361892700e-01
2.490579783916473389e-01
2.411855757236480713e-01
2.453813850879669189e-01
2.462500780820846558e-01
2.485481798648834229e-01
2.414829134941101074e-01
2.462462037801742554e-01
2.472660839557647705e-01
2.463765144348144531e-01
2.432586103677749634e-01
2.431337237358093262e-01
2.414677441120147705e-01
2.445014715194702148e-01
2.381435781717300415e-01
2.394915521144866943e-01
2.357505857944488525e-01
2.409270107746124268e-01
2.367809265851974487e-01
2.376416772603988647e-01
2.408462166786193848e-01
2.394428551197052002e-01
2.295674234628677368e-01
2.377624064683914185e-01
2.370653003454208374e-01
2.404320985078811646e-01
2.319317907094955444e-01
2.398049533367156982e-01
2.498318254947662354e-01
2.284684032201766968e-01
2.325192540884017944e-01
2.391804158687591553e-01
2.400971949100494385e-01
2.363910526037216187e-01
2.319448739290237427e-01
2.410732656717300415e-01
2.446882277727127075e-01
2.353414446115493774e-01
2.382092773914337158e-01
2.314449995756149292e-01
2.289076894521713257e-01
2.294691950082778931e-01
2.322561144828796387e-01
2.308767139911651611e-01
2.265695035457611084e-01
2.307309657335281372e-01
2.233451157808303833e-01
2.280196994543075562e-01
2.226791828870773315e-01
2.289348840713500977e-01
2.259528040885925293e-01
2.260698229074478149e-01
2.304356098175048828e-01
2.222189307212829590e-01
2.247492522001266479e-01
2.239523380994796753e-01
2.219613939523696899e-01
2.215962857007980347e-01
2.214898318052291870e-01
2.275510728359222412e-01
2.254524528980255127e-01
2.219783961772918701e-01
2.181767821311950684e-01
2.265532761812210083e-01
2.186222076416015625e-01
2.217383533716201782e-01
2.217407375574111938e-01
2.276391237974166870e-01
2.139056771993637085e-01
2.160047590732574463e-01
2.151138335466384888e-01
2.127360105514526367e-01
2.174089998006820679e-01
2.204482108354568481e-01
2.127324640750885010e-01
2.220598012208938599e-01
2.217092961072921753e-01
2.177578210830688477e-01
2.182595282793045044e-01
2.177168875932693481e-01
2.132012248039245605e-01
2.196087241172790527e-01
2.148833423852920532e-01
2.124415636062622070e-01
2.211949229240417480e-01
2.187400758266448975e-01
2.217001914978027344e-01
2.141124457120895386e-01
2.171584814786911011e-01
2.146704047918319702e-01
2.126662731170654297e-01
2.259364128112792969e-01
2.103407382965087891e-01
2.207766920328140259e-01
2.257017195224761963e-01
2.154755592346191406e-01
2.183767557144165039e-01
2.193359881639480591e-01
2.173803150653839111e-01
2.108607292175292969e-01
2.122618108987808228e-01
2.174922376871109009e-01
2.131843417882919312e-01
2.022149860858917236e-01
2.151298373937606812e-01
2.131107300519943237e-01
2.054202556610107422e-01
2.171026766300201416e-01
2.120462656021118164e-01
2.099130451679229736e-01
2.087270170450210571e-01
2.123905569314956665e-01
1.990740448236465454e-01
2.086013853549957275e-01
2.113010883331298828e-01
2.122515141963958740e-01
2.180004715919494629e-01
2.113312482833862305e-01
2.088538706302642822e-01
2.031372338533401489e-01
2.114563435316085815e-01
1.995302736759185791e-01
2.018819749355316162e-01
2.073464244604110718e-01
2.070354372262954712e-01
2.011160403490066528e-01
2.043672204017639160e-01
2.007727473974227905e-01
2.065435051918029785e-01
2.070352584123611450e-01
2.022679597139358521e-01
2.010957747697830200e-01
2.035696208477020264e-01
